StartChar: grave
Encoding: 96 96 35
Width: 600
Flags: HMW
TeX: 103 0
LayerCount: 2
Fore
Refer: 34 39 N -0.766045 -0.642788 0.642788 -0.766045 104.985 1311.87 2
Validated: 1
EndChar
